-0.12060	0.00672	0.05016	-0.29253	-0.39529	-0.03764	-0.12218	-0.03117	0.06208	0.03069	0.00260	-0.09921
0.04976	0.03047	-0.03659	0.04084	-0.16764	1.48510	-0.25985	-0.63373	-0.33459	0.15218	0.05023	0.14211
-0.04419	0.11536	0.14314	0.08022	0.01696	-0.38511	-0.26927	-0.20032	-0.06547	-0.30903	-0.00360	-0.23095
-0.00788	0.01287	-0.02977	0.03323	0.01663	-0.00925	0.05908	-0.13050	-0.18369	0.15349	-0.00666	0.00025
0.00542	-0.23792	-0.03782	0.09617	-0.08106	0.73322	0.07091	-0.19296	0.14163	0.09721	-0.02115	-0.16104
0.10231	0.01192	-0.04619	-0.04877	-0.04670	1.17851	1.05258	-0.07227	0.56663	-0.42402	-0.13774	1.29262
-0.02872	-0.00490	0.04929	0.03927	0.01790	-1.61749	-0.59297	-1.94636	-0.10015	0.54632	-0.11522	-0.27254
-0.00039	0.00243	-0.01400	0.01473	0.00184	0.06178	0.22520	-0.02821	0.44638	-0.19415	0.01121	-0.04477
-0.02637	-0.00374	0.01991	0.02293	0.01153	5.26650	-0.43032	-0.80924	-0.31383	0.63870	0.12684	-0.21740
-0.00878	0.01316	0.01140	-0.01169	0.00966	-0.66558	-0.38170	-0.05977	0.21293	-0.31360	0.00035	-0.01030
0.00043	-0.00331	-0.00050	-0.00446	0.01102	-0.40353	-0.37655	0.10401	0.18371	0.28031	0.00088	0.01526
0.00408	-0.00316	-0.00810	0.01040	-0.01533	-0.22166	-0.19753	-0.10016	0.01358	0.01545	0.01122	-0.01070
-0.00230	0.00465	0.00652	0.00882	0.00721	0.07246	-0.07030	0.00605	-0.11273	0.21334	0.00086	0.00173
0.01050	-0.02748	0.00350	-0.01124	0.00940	0.28784	0.00489	0.25706	-0.35230	0.20256	0.00518	0.00044
0.00630	-0.00618	-0.01000	-0.00594	-0.01374	0.00374	0.13251	-0.42224	0.22787	-0.00741	0.00108	0.00038
0.00929	0.02381	-0.60265	-0.23017	0.16803	0.32041	0.11899	0.02715	-0.04411	-0.03050	0.00434	0.02210
-0.09857	0.08032	0.00176	-0.01635	0.02569	1.56082	-0.11495	-0.06599	0.17310	0.28969	-0.01377	-0.03589
0.13723	-0.01088	0.18314	-0.01843	0.05672	-0.06073	-0.10395	-0.08081	0.09592	0.14895	0.01774	0.12298
0.03905	-0.03626	-0.09579	-0.02144	-0.08486	0.05685	0.05323	0.06507	-0.02617	-0.09731	-0.00079	0.00886
-0.10145	0.23331	0.07897	-0.14286	0.21382	-0.16035	0.08831	-0.15022	-0.18220	-0.03838	-0.01848	0.09259
-0.13239	0.13716	0.02861	-0.04581	0.08328	-8.40823	-0.78568	0.46599	0.11579	-0.49432	-0.04736	-0.26818
0.11334	-0.00901	0.12147	-0.02627	0.03684	0.41812	0.21581	0.52800	-0.01547	-0.37361	0.02862	0.17387
0.03419	-0.03208	-0.07463	-0.02170	-0.07249	-0.08360	-0.19811	0.13205	-0.19220	0.14590	-0.00211	0.01389
-0.05703	0.13223	0.04432	-0.08639	0.11840	2.63541	-0.11134	-0.33368	0.31819	0.26206	-0.00039	0.19999
-0.00256	0.00499	0.00448	-0.00189	0.00374	1.17803	0.19436	0.16953	0.00952	-0.08114	0.00413	0.00208
-0.00082	0.00556	0.00370	-0.00085	0.00127	1.17279	0.40773	-0.09362	-0.14961	-0.21602	-0.00341	0.01313
0.00584	-0.01478	-0.00270	0.01160	-0.01646	0.34958	0.65852	0.49994	-0.33666	-0.01543	-0.00606	-0.00394
-0.00028	0.00027	0.00015	-0.00012	0.00017	0.08301	-0.04241	-0.12631	0.10483	-0.14661	0.00037	0.00091
-0.00643	-0.00273	-0.01187	-0.00203	-0.00235	-0.01711	-0.15441	0.10932	-0.25659	0.01897	-0.00287	0.00451
-0.00211	0.00180	0.00714	0.00043	0.00477	-0.04879	0.28269	-0.30471	0.15199	-0.01499	0.00043	-0.00069
-0.00931	-0.06853	-0.02773	0.02865	0.06183	-0.27719	0.01404	-0.02186	-0.06105	0.05916	0.00350	-0.00762
0.02179	0.15330	0.06333	-0.06759	-0.13984	-0.94043	-0.12316	-0.26295	0.13079	0.27457	0.00550	-0.00362
-0.02160	-0.31401	-0.01146	-0.18776	0.08927	0.15144	0.11163	0.13177	0.05904	-0.21657	-0.04538	0.18559
-0.08050	0.11991	0.13498	0.20547	0.21842	0.06177	0.16740	0.03947	0.00729	0.04275	0.00338	-0.00053
-0.17080	-0.07895	0.13065	-0.11967	0.15329	0.06618	-0.07117	0.06130	0.02790	-0.01981	-0.05126	0.02415
0.01762	0.17447	0.02020	-0.00665	-0.16734	5.60069	-0.01182	1.13554	0.05588	-0.99413	-0.02891	0.14894
-0.00183	-0.19084	-0.00939	-0.11675	0.04298	-1.97497	-0.27606	-0.35983	0.21294	-0.25763	-0.13709	0.43410
-0.06367	0.09281	0.10922	0.15631	0.16994	-0.09079	-0.21994	-0.07928	-0.07764	-0.04339	0.00184	0.00779
-0.12486	-0.05904	0.07556	-0.07971	0.10651	0.26636	0.41890	0.79599	0.08263	-0.01173	-0.03325	0.09514
0.00339	0.00496	0.00241	-0.00804	-0.00512	-0.47472	0.07112	0.16206	-0.30536	0.20180	0.01344	0.00094
0.00350	0.00197	-0.00205	0.00154	-0.00406	-1.02890	0.00580	-0.20920	-0.40567	0.21558	0.00444	-0.00607
-0.01132	-0.00997	0.01178	-0.01131	0.00795	-0.96563	0.19469	0.21556	0.12441	0.46162	0.00332	-0.01668
0.00128	-0.00130	-0.00066	-0.00207	-0.00265	-0.04507	0.04235	0.03775	0.12124	0.22400	0.00111	-0.00090
-0.00404	-0.02251	0.00048	-0.01961	0.00861	-0.25893	-0.15358	-0.03018	0.09593	-0.26483	-0.00737	0.00982
-0.00388	0.00627	0.00631	0.01109	0.01089	-0.05092	-0.07474	0.03549	0.09255	-0.07543	0.00094	-0.00010
-0.05404	-0.12219	0.04823	-0.14008	0.05915	0.09350	-0.19141	-0.62516	-0.40439	-0.02299	-0.00037	-0.02237
0.00057	-0.05086	0.01158	-0.06497	0.04211	-0.04687	0.27653	0.52785	0.27846	0.54504	0.28455	-0.72588
0.06374	0.25881	-0.25847	0.14773	0.21311	-0.03667	-0.14649	0.21198	0.08146	0.01897	-0.11061	0.05486
-0.18009	-0.12132	0.03222	0.03744	-0.05258	0.28458	1.61172	-0.03345	-0.20433	-0.53246	0.08120	-0.10547
0.06688	0.01797	-0.08979	-0.09852	-0.00361	0.01928	-0.12329	0.16966	0.03471	-0.30582	-0.05541	-0.21452
-0.06403	0.02379	-0.11760	-0.08159	0.13298	-0.00767	0.05648	0.01120	-0.31279	0.12341	-0.03774	-0.00921
0.11179	0.05944	0.00822	0.00296	-0.00672	0.07809	-0.05584	-0.27634	0.05262	-0.13881	-0.15274	-0.17083
-0.15825	-0.14562	0.05907	0.00545	-0.02255	0.44518	-0.21363	-4.04050	-0.84656	0.85569	2.07248	-0.38387
0.03517	0.01407	-0.03458	-0.07077	0.00705	1.23734	-0.31833	0.06036	0.02127	0.72499	-0.19482	-0.72174
-0.02125	0.01766	-0.05826	-0.05688	0.06478	0.19976	0.05067	-0.24017	0.10478	0.27273	-0.16551	0.07235
0.07178	0.02248	0.01576	-0.00714	0.01106	-0.78517	-0.30777	-0.68160	-0.28969	0.10218	-0.67382	-0.26557
0.01063	0.00906	0.00213	-0.01057	0.00059	-0.04350	-0.59350	0.26511	0.11583	0.11602	-0.00531	0.01560
-0.00120	-0.01106	0.00546	0.01376	-0.00896	-0.11500	-0.58884	0.45027	0.38742	0.21556	-0.00812	-0.00949
-0.01620	-0.00204	-0.00800	-0.00262	-0.00085	-0.25867	-0.79167	0.49821	0.27622	0.56816	-0.00587	-0.00043
-0.00580	0.00272	0.00115	-0.00941	-0.00007	0.04987	-0.15792	0.08382	-0.10663	0.05921	-0.00151	-0.00274
0.01570	-0.00076	-0.00399	-0.00675	-0.00099	-0.03362	-0.19665	-0.05219	0.30981	-0.04018	0.01069	0.02478
0.01032	-0.00158	0.00524	0.01621	-0.00897	-0.05538	-0.11257	-0.36219	-0.31585	-0.13922	0.00063	-0.00168
-0.15907	-0.05803	-0.04106	-0.04421	0.02982	-0.10404	0.20725	-0.11857	-0.11519	-0.27643	-0.02797	-0.00340
-0.11318	-0.00503	-0.03648	-0.04300	0.03133	-0.37447	-0.53786	0.55269	0.11948	-0.53921	-1.37888	-0.01811
-0.04011	-0.08138	0.07713	0.09508	-0.10199	-0.04460	0.14741	0.37704	-0.22955	0.03963	-0.01295	-0.01098
0.02462	-0.04164	0.04032	0.10258	-0.07997	0.12114	-0.00686	0.24134	0.27163	0.05364	-1.30073	0.10773
0.00438	0.13643	0.26739	-0.07492	-0.07558	-0.01616	0.09736	-0.10351	0.16887	-0.04694	0.06789	-0.01229
-0.02088	0.05879	-0.06173	0.03438	-0.09123	0.07575	-0.34987	-0.05495	-0.14769	0.34935	-0.05010	0.02013
-0.19564	-0.05732	0.00549	0.21478	-0.00011	0.09193	0.12390	0.32752	0.05243	-0.21713	0.00115	-0.11317
0.20323	-0.10298	-0.12358	0.25870	0.01860	0.02907	-0.17033	0.14087	-0.08837	-0.18690	0.09047	0.01255
-0.20630	0.09800	-0.12375	0.06472	-0.09989	0.06468	-0.05595	0.08460	0.01118	-0.08943	-0.04459	-0.09341
0.04136	0.06468	-0.09719	0.08050	-0.10369	0.61775	-0.28531	1.91676	-1.45828	-0.05177	-1.12586	0.09787
-0.10947	-0.02859	-0.00141	0.12879	-0.00320	-0.23606	-0.38576	0.44594	0.28926	0.12326	-0.02657	-0.41961
0.16378	-0.09206	-0.09591	0.24585	-0.00663	-0.27745	0.13250	-0.40433	0.15918	0.24822	0.31745	0.06309
-0.13195	0.04130	-0.07706	0.05309	-0.06386	-0.50652	0.10555	-0.94864	-0.18041	-0.05770	-0.06232	-0.29452
0.01340	-0.00434	-0.00122	-0.00370	0.00251	-0.07734	0.56224	0.00095	0.65122	-0.50423	0.01832	-0.02402
-0.01147	0.00415	0.00660	-0.00837	-0.00096	0.03761	0.25831	-0.28315	0.79016	-0.08553	0.01471	-0.00301
-0.01173	0.00360	-0.00762	0.00481	-0.00528	-0.02383	0.22945	-0.46037	0.31467	-0.00680	0.02997	0.01628
0.01193	0.00517	-0.00205	-0.01510	0.00173	-0.09870	0.21619	-0.10281	-0.14696	0.29518	-0.00304	0.00787
0.01647	0.00493	-0.00064	-0.01157	0.00001	-0.02252	0.20400	-0.16957	-0.00132	-0.02529	-0.00661	-0.00123
0.01681	-0.00913	0.01180	-0.00345	0.00709	0.07518	0.01211	-0.02700	0.19004	-0.00322	0.00533	0.00598
0.13851	0.02948	0.02407	-0.15589	0.00264	-0.25632	-0.31137	-0.08888	-0.03385	0.02855	0.00007	-0.07154
0.08890	0.00368	0.01501	-0.09463	0.01669	-0.01784	-0.03677	-0.20289	0.44356	0.17694	0.34680	-1.04615
-0.17232	0.09356	-0.06325	-0.01439	-0.08418	0.03674	0.16057	0.08200	0.10946	0.21260	0.04557	0.05793
-0.10880	0.04137	-0.03039	-0.00764	-0.02008	0.04434	-0.27817	0.38840	0.42946	-0.03531	0.87752	0.51914
